(1080.0, 790.5882352941176)
(1080.0, 790.5882352941176)
(1080.0, 790.5882352941176)
(960.0, 790.5882352941176)
(1080.0, 790.5882352941176)
(1080.0, 790.5882352941176)
(1080.0, 790.5882352941176)
(1080.0, 790.5882352941176)
(1080.0, 790.5882352941176)
(1080.0, 790.5882352941176)
(1080.0, 790.5882352941176)
(1080.0, 790.5882352941176)
(1080.0, 677.6470588235294)
(1080.0, 677.6470588235294)
(1080.0, 790.5882352941176)
(1080.0, 677.6470588235294)
(1080.0, 677.6470588235294)
(960.0, 677.6470588235294)
(960.0, 677.6470588235294)
(960.0, 677.6470588235294)
(960.0, 677.6470588235294)
(960.0, 677.6470588235294)
(960.0, 677.6470588235294)
(960.0, 677.6470588235294)
None
(960.0, 677.6470588235294)
(960.0, 677.6470588235294)
(960.0, 677.6470588235294)
(720.0, 451.7647058823529)
(240.0, 112.94117647058823)
(0.0, 451.7647058823529)
(120.0, 451.7647058823529)
(120.0, 225.88235294117646)
(120.0, 338.8235294117647)
(120.0, 451.7647058823529)
(0.0, 225.88235294117646)
(0.0, 451.7647058823529)
(0.0, 451.7647058823529)
(0.0, 564.7058823529412)
(0.0, 451.7647058823529)
(120.0, 451.7647058823529)
(840.0, 451.7647058823529)
(1200.0, 903.5294117647059)
(1200.0, 903.5294117647059)
None
(1200.0, 790.5882352941176)
(1200.0, 790.5882352941176)
None
None
(1920, 1694.1176470588234)
(1920, 1581.1764705882351)
(1920, 1694.1176470588234)
(1920, 1694.1176470588234)
(1920, 1694.1176470588234)
None
(1920, 1581.1764705882351)
None
(1920.0, 1581.1764705882351)
(1920.0, 1581.1764705882351)
None
(1200.0, 790.5882352941176)
(1200.0, 790.5882352941176)
None
(1200.0, 903.5294117647059)
None
None
(1320.0, 903.5294117647059)
None
None
(600.0, 338.8235294117647)
None
None
(840.0, 451.7647058823529)
(1080.0, 677.6470588235294)
(1080.0, 677.6470588235294)
(1080.0, 677.6470588235294)
None
(960.0, 677.6470588235294)
(1080.0, 677.6470588235294)
(1080.0, 677.6470588235294)
(1080.0, 677.6470588235294)
(1080.0, 677.6470588235294)
None
None
(0.0, 451.7647058823529)
(0.0, 451.7647058823529)
(0.0, 564.7058823529412)
(120.0, 564.7058823529412)
(120.0, 564.7058823529412)
(240.0, 677.6470588235294)
(240.0, 790.5882352941176)
(240.0, 790.5882352941176)
(240.0, 790.5882352941176)
(360.0, 903.5294117647059)
(240.0, 790.5882352941176)
None
(360.0, 903.5294117647059)
(360.0, 677.6470588235294)
None
None
(840.0, 564.7058823529412)
None
(1200.0, 790.5882352941176)
(1200.0, 790.5882352941176)
(1200.0, 903.5294117647059)
(1560.0, 1129.4117647058824)
(1920, 1581.1764705882351)
None
None
(1920, 1581.1764705882351)
(1920, 1581.1764705882351)
None
(1920, 1694.1176470588234)
(1920, 1694.1176470588234)
(1920, 1694.1176470588234)
(1920, 1807.0588235294117)
None
None
None
(1200.0, 903.5294117647059)
(1200.0, 903.5294117647059)
(1200.0, 903.5294117647059)
(1320.0, 1016.4705882352941)
(1320.0, 903.5294117647059)
(1320.0, 903.5294117647059)
None
(1080.0, 677.6470588235294)
(480.0, 0.0)
(360.0, 225.88235294117646)
(240.0, 0.0)
(360.0, 225.88235294117646)
(360.0, 225.88235294117646)
None
(360.0, 225.88235294117646)
(360.0, 225.88235294117646)
(360.0, 225.88235294117646)
(480.0, 338.8235294117647)
None
(360.0, 225.88235294117646)
None
(1440.0, 1016.4705882352941)
None
None
(1920, 1920.0)
None
(1920, 1920.0)
(1920, 1920.0)
(1920, 1920.0)
(1920, 1920.0)
(1920, 1920.0)
(1920, 1920.0)
None
(1920, 1920)
(1920, 1920)
(1920, 1807.0588235294117)
(1560.0, 1129.4117647058824)
(960.0, 677.6470588235294)
(960.0, 677.6470588235294)
(960.0, 564.7058823529412)
None
None
(360.0, 112.94117647058823)
(360.0, 112.94117647058823)
(240.0, 225.88235294117646)
(240.0, 338.8235294117647)
(240.0, 225.88235294117646)
(240.0, 225.88235294117646)
(240.0, 225.88235294117646)
(240.0, 225.88235294117646)
None
(240.0, 338.8235294117647)
None
(1440.0, 1016.4705882352941)
(1560.0, 1242.3529411764705)
(1560.0, 1129.4117647058824)
(1560.0, 1129.4117647058824)
(1560.0, 1129.4117647058824)
(1560.0, 1129.4117647058824)
None
None
(1440.0, 1016.4705882352941)
(1440.0, 1016.4705882352941)
(1440.0, 903.5294117647059)
None
None
(1320.0, 790.5882352941176)
(1320.0, 790.5882352941176)
(1200.0, 790.5882352941176)
(1200.0, 790.5882352941176)
(1200.0, 790.5882352941176)
(1200.0, 790.5882352941176)
(1320.0, 790.5882352941176)
None
(1320.0, 790.5882352941176)
(1200.0, 790.5882352941176)
(1200.0, 790.5882352941176)
(1200.0, 790.5882352941176)
(1200.0, 790.5882352941176)
(1200.0, 790.5882352941176)
(1200.0, 790.5882352941176)
(1200.0, 790.5882352941176)
(1200.0, 677.6470588235294)
(1200.0, 790.5882352941176)
(1200.0, 790.5882352941176)
(1200.0, 790.5882352941176)
None
(1200.0, 790.5882352941176)
(1320.0, 790.5882352941176)
(1320.0, 903.5294117647059)
(1320.0, 903.5294117647059)
(1320.0, 790.5882352941176)
(1320.0, 790.5882352941176)
(1320.0, 903.5294117647059)
(1320.0, 903.5294117647059)
None
None
(1200.0, 790.5882352941176)
(1200.0, 790.5882352941176)
(1200.0, 677.6470588235294)
(1200.0, 677.6470588235294)
(1200.0, 790.5882352941176)
(1200.0, 790.5882352941176)
(1200.0, 790.5882352941176)
None
(1200.0, 790.5882352941176)
(1320.0, 790.5882352941176)
(1200.0, 790.5882352941176)
(1320.0, 790.5882352941176)
(1320.0, 903.5294117647059)
(1320.0, 790.5882352941176)
None
(1320.0, 903.5294117647059)
(1320.0, 790.5882352941176)
(1320.0, 790.5882352941176)
(1200.0, 790.5882352941176)
(1320.0, 790.5882352941176)
(1320.0, 903.5294117647059)
(1320.0, 903.5294117647059)
