(301, 430)
(301, 430)
(301, 430)
(302, 430)
(301, 430)
(301, 430)
(301, 430)
(301, 430)
(301, 430)
(301, 430)
(301, 430)
(301, 430)
(301, 431)
(301, 431)
(301, 430)
(301, 431)
(301, 431)
(302, 431)
(302, 431)
(302, 431)
(302, 431)
(302, 431)
(302, 431)
(302, 431)
None
(302, 431)
(302, 431)
(302, 431)
(304, 433)
(308, 436)
(310, 441)
(309, 441)
(309, 439)
(309, 440)
(309, 441)
(310, 439)
(310, 441)
(310, 441)
(310, 442)
(310, 441)
(309, 441)
(303, 433)
(300, 429)
(300, 429)
None
(300, 430)
(300, 430)
None
None
(292, 422)
(292, 423)
(293, 422)
(292, 422)
(293, 422)
None
(292, 423)
None
(294, 423)
(294, 423)
None
(300, 430)
(300, 430)
None
(300, 429)
None
None
(299, 429)
None
None
(305, 434)
None
None
(303, 433)
(301, 431)
(301, 431)
(301, 431)
None
(302, 431)
(301, 431)
(301, 431)
(301, 431)
(301, 431)
None
None
(310, 441)
(310, 441)
(310, 442)
(311, 442)
(311, 442)
(312, 443)
(312, 444)
(312, 444)
(312, 444)
(313, 445)
(312, 444)
None
(313, 445)
(313, 443)
None
None
(303, 432)
None
(300, 430)
(300, 430)
(300, 429)
(297, 427)
(293, 423)
None
None
(293, 423)
(292, 423)
None
(292, 422)
(290, 422)
(292, 422)
(291, 421)
None
None
None
(300, 429)
(300, 429)
(300, 429)
(299, 428)
(299, 429)
(299, 429)
None
(301, 431)
(306, 437)
(307, 439)
(308, 437)
(307, 439)
(307, 439)
None
(307, 439)
(307, 439)
(307, 439)
(306, 440)
None
(307, 439)
None
(298, 428)
None
None
(288, 420)
None
(287, 420)
(289, 420)
(289, 420)
(290, 420)
(289, 420)
(289, 420)
None
(289, 419)
(288, 419)
(291, 421)
(297, 427)
(302, 431)
(302, 431)
(302, 432)
None
None
(307, 438)
(307, 438)
(308, 439)
(308, 440)
(308, 439)
(308, 439)
(308, 439)
(308, 439)
None
(308, 440)
None
(298, 428)
(297, 426)
(297, 427)
(297, 427)
(297, 427)
(297, 427)
None
None
(298, 428)
(298, 428)
(298, 429)
None
None
(299, 430)
(299, 430)
(300, 430)
(300, 430)
(300, 430)
(300, 430)
(299, 430)
None
(299, 430)
(300, 430)
(300, 430)
(300, 430)
(300, 430)
(300, 430)
(300, 430)
(300, 430)
(300, 431)
(300, 430)
(300, 430)
(300, 430)
None
(300, 430)
(299, 430)
(299, 429)
(299, 429)
(299, 430)
(299, 430)
(299, 429)
(299, 429)
None
None
(300, 430)
(300, 430)
(300, 431)
(300, 431)
(300, 430)
(300, 430)
(300, 430)
None
(300, 430)
(299, 430)
(300, 430)
(299, 430)
(299, 429)
(299, 430)
None
(299, 429)
(299, 430)
(299, 430)
(300, 430)
(299, 430)
(299, 429)
(299, 429)
(299, 429)
